model = fourier
norm = 17.05794318371548
amp_1 = 1.5014870372278397
ph_1 = 0.5785073619559633
amp_2 = 3.9354775637224284
ph_2 = 1.1863213383878262
amp_3 = -1.3419961649691756
ph_3 = 0.29142239913177675
chi2 = 68.82247214443018
dof = 63
redchi2 = 1.092420192768733
