model = fourier
norm = 17.060802479873516
amp_1 = 1.509023966881358
ph_1 = -0.40719940549696854
amp_2 = 4.055485002286241
ph_2 = -0.8051368991654358
amp_3 = 1.4385609906894887
ph_3 = 0.515802884411354
amp_4 = 0.35055472682289396
ph_4 = 1.9293866432213456
amp_5 = 0.19730141943486296
ph_5 = -0.1916451799791014
amp_6 = 0.3483214811259081
ph_6 = 0.829609517874727
chi2 = 57.248605638631226
dof = 57
redchi2 = 1.0043615024321269
